 10
 100
 100009676
 10003
 10007
 1001
 100101266
 100113403
 100125288
 100127888
 100127983
 100128124
 100128191
 100128325
 100128327
 100128420
 100128640
 100128653
 100128731
 100128822
 100129129
 100129460
 100129528
 100129722
 10013
 100130111
 100130249
 100130691
 100130776
 100130889
 100130950
 100130987
 100131017
 100131211
 100131532
 100131655
 100131691
 100131816
 100131980
 100132074
 100132101
 100132169
 100132386
 100132911
 100133190
 100133461
 100133669
 100133920
 100134713
 100144597
 10016
 100169989
 100170841
 100216545
 10024
 100240734
 100268168
 100271715
 100272147
 100286844
 100286938
 100287015
 100287114
 100287177
 100287227
 100287482
 100287704
 100287902
 100288122
 100288142
 100288413
 100288570
 100288730
 100288797
 100289092
 100289098
 100289255
 100289274
 100289361
 100289373
 100289410
 100289509
 100289635
 100293516
 100302522
 100302691
 100302692
 100379174
 100379345
 10038
 10042
 100422781
 100422872
 100423035
 10045
 10050
 100500849
 100505474
 100505478
 100505495
 100505530
 100505534
 100505540
 100505592
 100505609
 100505659
 100505666
 100505681
 100505702
 100505776
 100505806
 100505839
 100505854
 100505865
 100505875
 100505918
 100505938
 100505975
 100505978
 100506013
 100506033
 100506047
 100506054
 100506083
 100506098
 100506107
 100506113
 100506119
 100506127
 100506190
 100506271
 100506275
 100506282
 100506314
 100506325
 100506371
 100506392
 100506405
 100506409
 100506457
 100506469
 100506470
 100506473
 100506497
 100506526
 100506527
 100506540
 100506542
 100506599
 100506603
 100506621
 100506639
 100506668
 100506681
 100506696
 100506714
 100506791
 100506826
 100506851
 100506994
 100507006
 100507027
 100507034
 100507057
 100507117
 100507140
 100507143
 100507257
 100507267
 100507277
 100507283
 100507299
 100507377
 100507388
 100507389
 100507391
 100507392
 100507395
 100507410
 100507419
 100507428
 100507431
 100507458
 100507506
 100507507
 100507524
 100507564
 100507584
 100507629
 100507670
 10051
 100526833
 100533106
 10054
 10058
 10061
 100616446
 100616497
 10063
 100630923
 100642175
 100652772
 100652824
 100652857
 10067
 10072
 10073
 10075
 10076
 10078
 10079
 10081
 10084
 10085
 100859921
 100861553
 100861554
 100862662
 100873930
 100873942
 100873964
 100874012
 100874016
 100874032
 100874058
 100874069
 100874074
 100874107
 100874239
 100874251
 100874291
 100874305
 100874314
 100874433
 100885778
 100885781
 10094
 10095
 100996263
 100996286
 100996425
 100996485
 100996511
 100996539
 100996590
 100996654
 100996702
 100996724
 100996740
 10101
 10105
 101060200
 101060264
 101060544
 10112
 10113
 10120
 10128
 10130
 10133
 10134
 10136
 101362076
 10137
 10139
 10141
 101410533
 10151
 10153
 10155
 101559451
 10160
 10164
 10165
 10166
 101669762
 10170
 10174
 101752400
 10188
 10189
 1019
 101926888
 101926907
 101926913
 101926915
 101926942
 101926944
 101926963
 101926975
 101926978
 101926987
 101927003
 101927021
 101927040
 101927060
 101927069
 101927075
 101927081
 101927089
 101927112
 101927117
 101927123
 101927125
 101927151
 101927159
 101927196
 101927204
 101927224
 101927247
 101927263
 101927279
 101927286
 101927295
 101927346
 101927360
 101927362
 101927377
 101927396
 101927406
 101927420
 101927422
 101927433
 101927513
 101927523
 101927526
 101927534
 101927550
 101927597
 101927606
 101927608
 101927609
 101927612
 101927623
 101927667
 101927699
 101927701
 101927702
 101927735
 101927770
 101927808
 101927811
 101927865
 101927900
 101927914
 101927948
 101927953
 101927980
 101927994
 101928022
 101928031
 101928045
 101928087
 101928123
 101928144
 101928161
 101928165
 101928173
 101928191
 101928278
 101928376
 101928386
 101928420
 101928424
 101928433
 101928435
 101928460
 101928464
 101928483
 101928516
 101928521
 101928539
 101928545
 101928580
 101928597
 101928604
 101928607
 101928614
 101928649
 101928663
 101928689
 101928708
 101928730
 101928748
 101928762
 101928778
 101928797
 101928813
 101928833
 101928837
 101928844
 101928846
 101928865
 101928869
 101928877
 101928881
 101928909
 101928922
 101928963
 101929007
 101929019
 101929034
 101929050
 101929052
 101929064
 101929076
 101929114
 101929116
 101929123
 101929125
 101929154
 101929164
 101929172
 101929181
 101929247
 101929280
 101929289
 101929341
 101929402
 101929406
 101929437
 101929454
 101929460
 101929472
 101929478
 101929486
 101929511
 101929517
 101929520
 101929524
 101929584
 101929609
 101929651
 101929655
 101929709
 101929715
 101929718
 101929760
 10193
 101930421
 10195
 10196
 10197
 101978719
 10199
 1020
 10201
 10209
 10212
 10213
 1022
 10220
 10227
 10228
 10231
 10232
 10236
 10237
 1024
 10244
 10245
 10247
 10248
 10249
 10252
 10253
 102546299
 10255
 10256
 102606465
 10262
 10263
 10265
 10269
 10270
 102723390
 102723661
 102723742
 102723775
 102723809
 102724009
 102724094
 102724156
 102724201
 102724880
 10273
 10280
 10282
 10285
 1029
 10291
 10293
 10295
 10298
 103
 1030
 10301
 10302
 10308
 10309
 103091865
 10312
 10317
 10322
 10328
 10329
 1033
 10330
 103344718
 103344928
 103344929
 103344931
 10344
 10347
 10350
 10351
 10360
 10361
 10370
 1038
 10381
 10383
 10385
 10389
 103910
 10392
 10400
 10401
 10403
 10404
 10410
 10412
 10413
 10419
 10421
 10423
 10430
 10436
 10439
 10445
 10452
 10455
 10456
 10458
 10459
 10460
 10462
 10464
 10465
 10467
 10469
 10477
 10479
 10483
 10486
 10492
 10494
 105
 10505
 10507
 1051
 10514
 10522
 10523
 10525
 10527
 10529
 1053
 10531
 10533
 10534
 10535
 10536
 100653005
 10538
 10539
 10540
 10541
 10542
 10544
 10548
 10549
 10554
 10557
 1056
 10563
 1057
 10572
 10573
 10574
 10575
 10576
 10579
 1058
 10580
 10581
 10586
 10589
 1059
 10590
 10591
 10592
 10598
 10603
 10605
 10606
 10607
 10609
 10615
 10616
 10617
 1062
 10621
 10623
 10626
 1063
 10630
 10635
 10641
 10644
 10647
 10650
 10651
 10652
 10654
 10656
 10657
 10664
 10669
 1068
 10682
 10686
 1069
 10690
 10693
 10694
 10695
 10699
 10712
 10713
 1072
 10721
 10723
 10725
 10726
 10728
 1073
 10732
 10741
 10743
 10745
 10746
 10752
 10755
 10761
 10763
 10766
 10783
 10785
 10797
 10799
 10801
 10808
 10811
 10813
 10815
 10816
 10817
 10821
 10824
 10826
 10838
 10848
 10849
 10850
 10858
 10863
 10867
 10868
 10874
 10875
 10878
 10884
 10885
 10888
 10890
 10891
 10894
 10896
 10897
 10898
 10899
 109
 10900
 10904
 10908
 10910
 10913
 10916
 10917
 10919
 10920
 10921
 10922
 10924
 10926
 10928
 10940
 10943
 10946
 10947
 10949
 10951
 10953
 10971
 10973
 10980
 10985
 10987
 10990
 10992
 10993
 10998
 10999
 11004
 11009
 11014
 11018
 11022
 1103
 11033
 11036
 1104
 11044
 11045
 11047
 11054
 11062
 11065
 11066
 11072
 11073
 11075
 11077
 11080
 11081
 11082
 11083
 11091
 11097
 11099
 11100
 11101
 11104
 11108
 1111
 1112
 11122
 11126
 11127
 11128
 11129
 1113
 11130
 11133
 11135
 11137
 1114
 11140
 11143
 11146
 11148
 11152
 11153
 11156
 11157
 1116
 11164
 11168
 11169
 11170
 11174
 11176
 11180
 11184
 11186
 11187
 11190
 11194
 11200
 11202
 11218
 1122
 11222
 11224
 11226
 1123
 11230
 11232
 11235
 11237
 11240
 11245
 112479
 11253
 112574
 11260
 112611
 112616
 11264
 11266
 11267
 11270
 112744
 112802
 112812
 11283
 11284
 11285
 112858
 1129
 112939
 113000
 11311
 113115
 11313
 113130
 11315
 11316
 113174
 113178
 11319
 1132
 11321
 11322
 113220
 113251
 11326
 11328
 1133
 11330
 11331
 11332
 11333
 11334
 11335
 11336
 11338
 11339
 11340
 113419
 11344
 1135
 1136
 113655
 113763
 1138
 113802
 113828
 114034
 114131
 114132
 114299
 1144
 1145
 114569
 114571
 1146
 114758
 114770
 114786
 114790
 114793
 114805
 114814
 114815
 114822
 114827
 114876
 114897
 114899
 114904
 114907
 114908
 114960
 114971
 114984
 114987
 114990
 115019
 115024
 115098
 115196
 115207
 115273
 115286
 115353
 115399
 1154
 115416
 115426
 1155
 115560
 115703
 115704
 115708
 115811
 115861
 115908
 115948
 116028
 116064
 116092
 116113
 116115
 116143
 116150
 116151
 116173
 116225
 116228
 116238
 1163
 116379
 1164
 116443
 116444
 116447
 116448
 116461
 116729
 116835
 116969
 116983
 116985
 116986
 116988
 117145
 117166
 117196
 117245
 117246
 1173
 1174
 1175
 117584
 1176
 117608
 1179
 1180
 1184
 118421
 118424
 118430
 118472
 118487
 1186
 1188
 118812
 118881
 118932
 118980
 118987
 119
 1191
 1192
 1193
 119391
 119392
 119559
 1196
 120065
 120066
 120071
 1201
 120379
 120400
 120892
 121053
 121260
 121268
 121273
 121441
 1215
 121506
 121599
 121601
 121642
 122258
 122616
 122704
 122769
 122773
 122830
 122876
 123016
 123263
 123264
 123688
 1237
 124
 124044
 124045
 124056
 124093
 1241
 124152
 124221
 124222
 124245
 124359
 124401
 124402
 124454
 124512
 124540
 124565
 124590
 124602
 124801
 124808
 124842
 124912
 124930
 124976
 124997
 125
 125058
 125061
 125113
 125206
 125875
 125950
 125965
 125981
 125997
 126
 126003
 126074
 126119
 126133
 126147
 126204
 126205
 126208
 126231
 126299
 126306
 126321
 126328
 126364
 126374
 126375
 126382
 1264
 1265
 126526
 126567
 126668
 126669
 126695
 1267
 126789
 126792
 1268
 126917
 127002
 1271
 127124
 1272
 127281
 127435
 127540
 127602
 127670
 127687
 1277
 127703
 127707
 127829
 127845
 127943
 1280
 128061
 1282
 128209
 128239
 128240
 128272
 128308
 128486
 128646
 1287
 128710
 128859
 128869
 128872
 128876
 1289
 128954
 129303
 1294
 129401
 129450
 1295
 129530
 129804
 129852
 129880
 129881
 1299
 1300
 130074
 1301
 130340
 130574
 130612
 131
 131076
 131096
 1311
 131118
 1312
 131578
 1316
 131601
 1317
 131890
 132
 132001
 132014
 132158
 132200
 132243
 132299
 1325
 132949
 133308
 133584
 133686
 1339
 1340
 134265
 134266
 134285
 134359
 134492
 134510
 134637
 1347
 134728
 134864
 135154
 1356
 135927
 135932
 135935
 136051
 136263
 136647
 1368
 1369
 137075
 1371
 137209
 137392
 137695
 137886
 137902
 137964
 137970
 137994
 1380
 138065
 1381
 1382
 138428
 1385
 138649
 138716
 1388
 139135
 139170
 139189
 139212
 139285
 139322
 139341
 139628
 139629
 139886
 1399
 14
 1404
 140459
 140462
 140465
 140467
 140564
 140597
 140679
 140683
 140686
 140688
 140738
 140739
 140801
 140803
 140807
 140809
 140823
 140825
 140831
 140832
 140838
 140856
 140881
 140894
 140901
 140902
 1410
 1413
 142
 1420
 1432
 143279
 143282
 1434
 143458
 143503
 143678
 1437
 143888
 144097
 144404
 144423
 144455
 1445
 144501
 144577
 144608
 1447
 144717
 144776
 144920
 145270
 1453
 1454
 1455
 145501
 145694
 1457
 145741
 145748
 145853
 1459
 145946
 1460
 146227
 146310
 146325
 146378
 146512
 146540
 146547
 146556
 146705
 146712
 146760
 1468
 146862
 1469
 146909
 1470
 147015
 1472
 147276
 147381
 147409
 147495
 147657
 147664
 1477
 147700
 1478
 147807
 147837
 147841
 147872
 147906
 147923
 147929
 147948
 147991
 148066
 148137
 148156
 148223
 148304
 148345
 148398
 148413
 148479
 148709
 148738
 148823
 148870
 148979
 149018
 149069
 149111
 149134
 149175
 149345
 149373
 149428
 149563
 149620
 149708
 149775
 149830
 149840
 149951
 149986
 15
 150000
 150082
 150135
 150160
 150223
 150290
 150297
 1503
 150356
 150379
 150468
 150568
 150577
 150590
 1506
 150622
 150677
 150678
 150763
 150967
 151056
 1511
 151121
 1512
 151246
 151278
 151393
 151477
 151484
 1515
 151516
 151525
 151534
 151636
 151648
 151649
 151760
 151835
 151871
 151877
 151887
 1519
 151903
 152
 152002
 152006
 152007
 152024
 152100
 152110
 152137
 152189
 152217
 152302
 152330
 152518
 152559
 152578
 152831
 152877
 153090
 153218
 1534
 153443
 153562
 153910
 154
 154007
 154091
 154092
 154150
 1543
 154313
 1544
 154467
 154661
 154790
 154796
 155038
 155051
 155061
 155066
 155368
 155382
 155400
 155435
 156
 1565
 157273
 157313
 157378
 157381
 157556
 157570
 157680
 157769
 157777
 157869
 158
 1580
 158038
 1582
 158248
 158297
 1584
 158401
 158405
 158572
 158584
 158801
 158866
 159090
 1592
 159296
 1594
 16
 160
 160065
 1602
 160287
 1603
 160313
 160365
 1605
 160851
 160897
 161003
 1611
 161142
 161394
 161424
 1615
 161514
 161582
 1616
 161635
 161753
 161779
 161882
 161931
 162
 162282
 162387
 162427
 162461
 162514
 162515
 162517
 162655
 1628
 1629
 162966
 162968
 162979
 162989
 162998
 163
 163033
 163050
 163071
 163126
 163183
 163351
 1634
 163479
 1635
 163688
 163786
 163859
 163933
 164091
 164127
 1642
 164380
 164592
 164832
 1649
 1650
 165055
 165100
 165140
 1653
 165679
 1657
 165721
 1663
 166336
 166378
 1665
 166815
 166968
 1674
 167465
 1675
 1676
 167681
 1677
 1678
 168002
 169522
 169714
 169841
 169981
 170062
 170392
 170393
 170425
 170463
 170487
 170589
 170591
 170622
 170679
 170680
 170685
 170825
 170850
 170961
 171023
 171024
 171177
 1717
 1718
 1719
 1723
 1725
 173
 1730
 1734
 1735
 1741
 1750
 1756
 1759
 1762
 1763
 1767
 1774
 1776
 1777
 1786
 1789
 1794
 1796
 1797
 1798
 1800
 1802
 1805
 181
 1811
 1812
 1813
 1816
 1820
 1825
 183
 1830
 1831
 1833
 1834
 1836
 1837
 1841
 1843
 1849
 185
 1855
 1856
 1861
 1869
 187
 1871
 1874
 1875
 1876
 1877
 1879
 1880
 1890
 1893
 1894
 1902
 1908
 191
 1910
 192111
 192666
 192669
 1938
 1944
 1945
 1947
 1949
 1951
 1952
 1954
 1955
 1956
 195828
 196
 196051
 196294
 1964
 196463
 196483
 1967
 196968
 196996
 197187
 197258
 197259
 197320
 197322
 197335
 197350
 197370
 1974
 1978
 1981
 1990
 199221
 1994
 199675
 199731
 199745
 199899
 199953
 20
 200159
 200185
 200186
 200205
 2003
 200316
 200420
 2005
 200539
 200558
 200634
 200765
 200845
 200916
 2010
 201163
 201181
 201254
 201255
 201305
 201514
 201595
 201627
 2017
 201725
 201798
 201799
 2018
 201895
 2019
 2020
 202051
 2022
 2023
 202559
 202781
 202865
 203054
 203068
 203076
 203102
 203197
 203259
 203286
 203413
 203414
 203430
 203859
 2041
 2045
 2048
 2049
 2050
 2051
 205251
 2053
 205327
 2054
 205564
 2056
 2059
 2060
 2064
 2068
 207
 207063
 2071
 2077
 2079
 208
 2091
 2098
 2104
 2107
 2110
 2116
 2118
 2119
 2124
 2125
 2132
 2134
 2135
 2137
 2140
 2146
 2147
 2151
 216
 2161
 2162
 2167
 2172
 2177
 2178
 2184
 2185
 2187
 2188
 2189
 2191
 219293
 2193
 219348
 2194
 219537
 219541
 219557
 219578
 219595
 2197
 219738
 219743
 219793
 219833
 219972
 219988
 220001
 220004
 220042
 220064
 220070
 220077
 220082
 220134
 220136
 2202
 2206
 2209
 220965
 220972
 220980
 220992
 221061
 221143
 221150
 221178
 221302
 221391
 221393
 221395
 221400
 221416
 221424
 221476
 221481
 221491
 221496
 221504
 221527
 221656
 221662
 221687
 221710
 221785
 221786
 2218
 221823
 221830
 221908
 221914
 221927
 221955
 221960
 222
 222008
 222166
 2222
 222235
 2224
 222484
 222546
 222642
 222643
 222865
 222962
 223075
 2232
 2237
 2239
 2242
 2244
 2245
 2247
 2248
 2251
 2252
 2254
 226
 2263
 2264
 2267
 2273
 2275
 22795
 228
 22802
 22803
 22818
 22827
 22832
 22835
 22838
 22845
 22864
 22868
 22869
 22870
 22871
 22879
 22880
 22888
 22895
 22897
 22904
 22907
 22909
 22913
 22915
 22916
 22917
 22927
 22929
 22932
 22933
 22934
 22937
 22948
 2295
 22950
 22954
 2296
 22974
 22976
 22984
 22987
 22989
 2299
 22992
 22993
 22994
 22995
 22997
 23
 230
 23012
 23016
 23017
 2302
 23023
 23025
 23028
 2303
 23046
 2305
 23051
 23061
 23067
 2307
 23070
 23076
 23078
 23082
 23091
 23093
 23111
 23114
 2312
 23130
 23133
 23136
 23138
 23143
 23149
 2315
 23150
 23152
 23160
 23165
 23170
 23176
 23178
 23189
 2319
 23193
 23199
 23203
 23204
 23207
 23209
 23211
 23212
 23214
 23215
 23218
 23223
 23225
 23228
 23229
 23234
 23250
 23251
 23261
 23274
 23276
 23277
 23284
 23286
 23287
 23288
 23295
 23301
 23306
 23309
 23310
 23312
 23313
 23315
 2332
 23321
 23329
 23336
 23344
 23345
 23351
 23354
 23361
 23366
 23367
 23369
 23379
 23381
 2339
 23394
 23395
 23397
 23400
 23403
 23404
 23412
 23414
 2342
 23421
 23423
 23436
 23438
 23450
 23456
 23460
 23461
 23468
 23480
 23483
 23491
 23492
 2350
 23508
 23509
 23513
 23528
 23534
 23536
 23557
 2356
 23560
 23583
 23584
 23589
 23591
 23592
 23594
 23595
 23597
 23598
 23601
 23613
 23620
 23624
 23625
 23626
 23627
 23633
 23635
 23636
 23639
 23640
 23644
 23647
 23648
 23649
 23650
 23654
 23657
 23658
 23659
 23660
 23677
 23753
 23760
 23762
 23787
 239
 2395
 24137
 24139
 24140
 24142
 24147
 24148
 24149
 245802
 245936
 245973
 246176
 246778
 2475
 2491
 25
 251
 2512
 2517
 2519
 2520
 2523
 2526
 2527
 252839
 252969
 253012
 253044
 253143
 253152
 2532
 253260
 2535
 253558
 253639
 253650
 2537
 253769
 253832
 253868
 2539
 253980
 253982
 254042
 254048
 254065
 254099
 254128
 254187
 254295
 254359
 254427
 254428
 254439
 2547
 254773
 254958
 255022
 255043
 255057
 255104
 255275
 2553
 255374
 255654
 2557
 255738
 255758
 255798
 255967
 256126
 256223
 256227
 256329
 256364
 256435
 256691
 256714
 2568
 257
 2570
 257000
 257062
 2571
 257160
 257177
 257194
 257203
 25764
 25770
 25776
 25787
 25788
 25789
 25790
 25792
 25796
 25799
 25802
 25804
 25805
 25806
 25807
 25809
 25818
 25825
 25827
 25829
 25839
 25840
 25841
 25853
 25855
 25861
 25865
 25870
 25876
 25879
 25880
 25885
 25886
 25888
 25890
 25894
 25895
 25896
 259
 25903
 25904
 25907
 25909
 25911
 25913
 25915
 25917
 25920
 259234
 259239
 25926
 259266
 25927
 25928
 259282
 259283
 259285
 259287
 25929
 259294
 259307
 25942
 25943
 25953
 25966
 2597
 25972
 25973
 25975
 25980
 25983
 25984
 25987
 25988
 25994
 26000
 26003
 26007
 26009
 26011
 26013
 26015
 260293
 26031
 26035
 26039
 26040
 260434
 260436
 26046
 26048
 26051
 26053
 26056
 26058
 26064
 26073
 26083
 26090
 26093
 26094
 26097
 26099
 26100
 26112
 26122
 26128
 26133
 26145
 26146
 26147
 2615
 26150
 26151
 26152
 26154
 26156
 26166
 2617
 26173
 261734
 2618
 26184
 262
 2620
 26205
 26220
 26227
 26228
 26229
 26233
 26238
 26246
 26251
 26255
 26256
 26257
 26259
 26266
 26271
 26276
 2628
 26281
 26284
 26285
 26297
 2632
 26343
 26353
 26355
 2636
 2639
 2641
 2642
 26468
 26470
 26472
 2648
 26492
 26497
 26499
 26502
 26505
 26508
 2651
 26512
 26515
 26519
 26520
 26521
 26528
 26574
 26576
 26577
 26579
 2658
 26586
 26628
 2664
 266655
 266675
 267002
 2674
 26747
 2677
 2681
 26873
 269
 2690
 2695
 26953
 26958
 26960
 2697
 26984
 26986
 26993
 26995
 270
 27000
 27005
 2703
 27032
 27037
 27042
 27043
 27044
 27076
 27077
 27079
 27087
 27097
 27099
 271
 27101
 27102
 27106
 27112
 2712
 27121
 27132
 27143
 27146
 27147
 27148
 27151
 27153
 27156
 27160
 27161
 27163
 27165
 2717
 27173
 27179
 27183
 272
 27201
 27229
 27232
 27238
 27249
 27252
 27253
 27255
 27258
 27284
 27285
 27286
 27292
 27295
 27296
 27297
 27299
 27300
 27301
 27304
 27306
 27314
 27315
 27332
 27334
 27335
 27338
 27339
 27340
 27341
 27343
 27346
 27347
 27349
 2735
 27351
 2739
 274
 27434
 27439
 27440
 27442
 2762
 2765
 2768
 2769
 2770
 2779
 2782
 2783
 2784
 2787
 2788
 2802
 2806
 280664
 2811
 2817
 2821
 2823
 28231
 28232
 28234
 2824
 282566
 282616
 282618
 282808
 282809
 282974
 283089
 283104
 283149
 283159
 283165
 2832
 283229
 283234
 283238
 283254
 283284
 283298
 283303
 283314
 283316
 283337
 283373
 283377
 283383
 283385
 283387
 283416
 283450
 283489
 283491
 283518
 283521
 283579
 283585
 283592
 283596
 283600
 283643
 283677
 283685
 283738
 283761
 283848
 283849
 283856
 283870
 283871
 283875
 283887
 283899
 283902
 283914
 283932
 283951
 283981
 283989
 283991
 283994
 283999
 284001
 284023
 284086
 284098
 284100
 284186
 2842
 284240
 284257
 284276
 284294
 284306
 284323
 284325
 284338
 284339
 284340
 284352
 284353
 284358
 284361
 284365
 284369
 284379
 284382
 284402
 284403
 284417
 284451
 284498
 2846
 284648
 284680
 284688
 284697
 2847
 284723
 284798
 284825
 284837
 284889
 284898
 284930
 284933
 284958
 284996
 284998
 285
 285000
 285016
 285084
 285095
 285103
 28511
 28513
 285195
 285205
 285368
 285375
 2854
 285441
 285498
 285501
 285547
 285577
 285590
 285596
 285601
 285613
 285627
 285638
 285671
 285692
 2857
 285761
 285766
 285768
 285782
 285800
 285834
 285847
 285855
 285877
 285889
 2859
 285973
 285987
 286053
 286076
 286077
 286097
 286103
 286122
 286133
 286135
 286148
 286177
 286183
 286184
 286238
 286256
 286257
 286359
 286410
 286826
 286827
 287
 2870
 2873
 2876
 2877
 2878
 2879
 288
 28831
 2885
 2886
 2887
 28952
 28955
 28956
 28960
 28964
 28969
 28972
 28974
 28976
 28977
 28978
 28982
 28985
 28987
 28991
 28992
 28998
 29028
 2906
 29063
 29065
 2907
 29070
 29071
 29074
 29079
 2908
 29080
 29086
 29088
 29089
 29099
 29100
 29101
 29102
 29103
 29104
 29105
 29106
 29107
 29109
 29110
 29113
 29117
 29122
 29123
 29124
 29127
 29128
 2913
 2918
 2919
 2920
 2921
 2926
 293
 2931
 2937
 2938
 2950
 2956
 2957
 2960
 2961
 2963
 2965
 2968
 2971
 2975
 2976
 29760
 29775
 29777
 29780
 29785
 29789
 29796
 29798
 29801
 29803
 2981
 29841
 29850
 29882
 29886
 29888
 29889
 29890
 29893
 29894
 29899
 2990
 29901
 29902
 29911
 29914
 29916
 29923
 29924
 29926
 29933
 29934
 29935
 29941
 29944
 29947
 29951
 29952
 29953
 29954
 29956
 29959
 29960
 29968
 2997
 29978
 29979
 29980
 29984
 29985
 29986
 29988
 29989
 29991
 29998
 30001
 30011
 30061
 3015
 302
 3028
 3029
 304
 3042
 3052
 3053
 3054
 306
 3064
 3065
 3066
 3068
 307
 3071
 3074
 3075
 3080
 30814
 30816
 30827
 3083
 30834
 30835
 30836
 30837
 30850
 3090
 3092
 3093
 30968
 3098
 31
 3110
 3115
 3131
 3141
 3145
 3146
 3149
 3151
 3158
 3159
 316
 3161
 3163
 3167
 317
 3170
 317649
 3177
 317703
 317781
 3182
 3190
 3191
 102723559
 3195
 3199
 32
 3200
 3203
 3206
 3207
 3211
 3215
 3216
 3217
 3218
 3226
 3227
 3240
 3248
 3249
 325
 3265
 326625
 3267
 327
 3275
 3276
 328
 3281
 3292
 3294
 3297
 3299
 33
 3301
 3309
 332
 3320
 3329
 3336
 3337
 3340
 3344
 3346
 3350
 3352
 3354
 3364
 3376
 337867
 338005
 3381
 3382
 338321
 338339
 338376
 338661
 338692
 338694
 338963
 339
 339123
 339201
 339221
 339229
 339230
 339231
 339240
 339287
 339324
 339344
 339345
 339366
 339451
 339456
 339505
 339524
 339539
 339559
 3396
 339685
 339751
 339768
 339779
 339822
 339883
 34
 3400
 340037
 340069
 340094
 340146
 340252
 340419
 340533
 340544
 340578
 340591
 340596
 341032
 341405
 341676
 3421
 342538
 342574
 342892
 342909
 342926
 342945
 342979
 343
 343071
 343450
 344
 3440
 3455
 3456
 345778
 346389
 346689
 3467
 347
 347240
 347732
 347862
 3479
 347918
 348013
 348235
 348262
 348327
 348751
 348761
 348793
 348807
 348808
 348932
 348995
 3490
 349075
 349196
 3492
 3508
 3514
 352909
 353
 353116
 353174
 353324
 353497
 3537
 355
 3551
 3556
 356
 3567
 3570
 3577
 3578
 3581
 3589
 3590
 3595
 3598
 359948
 36
 360023
 3601
 3603
 3605
 3608
 3609
 3614
 3615
 3623
 3624
 3625
 3635
 3636
 3642
 3645
 3646
 3654
 3656
 3661
 3685
 3691
 3692
 3693
 3696
 3702
 3704
 3708
 3710
 3714
 3716
 3720
 3725
 3728
 3730
 3732
 3735
 373861
 3742
 374286
 374355
 374387
 374454
 374655
 374768
 374875
 374877
 374882
 374887
 3749
 374918
 374955
 375035
 3753
 375346
 3754
 375444
 3756
 375616
 375686
 375757
 375759
 375790
 375791
 376267
 376412
 376497
 3766
 3767
 3778
 3783
 3784
 3788
 379034
 3795
 3796
 3797
 3800
 3804
 3806
 381
 3815
 3820
 3823
 3832
 3833
 3836
 3837
 3838
 3839
 3843
 3851
 3854
 3855
 3857
 3860
 3866
 3868
 387032
 387036
 387082
 387103
 387486
 387496
 3875
 387695
 387882
 387914
 387921
 388021
 388125
 388228
 388272
 388323
 388335
 388456
 388552
 388564
 388567
 388685
 388695
 388753
 388780
 388796
 388799
 3888
 388906
 388948
 388962
 388963
 388969
 389
 389058
 3891
 389123
 389161
 389247
 389336
 389376
 389458
 389641
 389677
 389715
 389792
 3898
 389856
 389898
 3899
 390058
 390064
 3903
 3906
 390616
 390637
 390705
 390790
 390874
 390916
 390999
 3918
 392459
 3925
 392617
 3927
 3930
 3933
 3934
 3938
 3939
 394261
 3945
 3955
 3957
 3975
 3976
 3977
 3978
 3980
 3984
 3985
 3991
 399664
 399668
 399671
 399726
 399833
 399876
 399909
 4001
 400242
 400410
 400506
 400579
 400627
 400629
 400655
 400684
 4007
 400710
 400745
 400830
 400946
 400949
 400952
 401
 401022
 401067
 401093
 401115
 401262
 401282
 401288
 401321
 401387
 401397
 401463
 401494
 401497
 401505
 401585
 401647
 402055
 402160
 402415
 4025
 402573
 402682
 402779
 403
 403150
 4033
 403340
 4041
 404201
 404217
 404220
 404636
 4053
 4059
 4061
 4062
 4067
 406902
 407
 4070
 407040
 4072
 4076
 408050
 4085
 4091
 4097
 41
 4100
 4103
 4112
 4113
 4128
 4129
 4134
 414157
 414189
 4143
 4145
 4148
 414919
 4151
 4157
 4160
 4161
 4171
 4172
 4173
 4174
 4175
 4176
 4179
 4191
 4199
 4201
 4205
 421
 4212
 4214
 4215
 4216
 4221
 4232
 4233
 4234
 4237
 4239
 4240
 4241
 4249
 4250
 4256
 4282
 4284
 4285
 4288
 4296
 4298
 430
 4302
 4303
 4306
 4312
 4314
 4316
 4317
 4319
 4320
 4321
 4322
 4323
 4326
 4331
 4343
 4350
 4356
 4358
 4360
 4361
 4363
 439
 439949
 439990
 440131
 440346
 440356
 440434
 440465
 440556
 440757
 440792
 440888
 440934
 440944
 440956
 440957
 441009
 441025
 441072
 441086
 441179
 441263
 441273
 441459
 441476
 441951
 442075
 442194
 442444
 442721
 443
 4430
 4436
 4440
 4486
 4487
 4488
 4493
 4494
 4495
 4496
 4499
 4501
 4513
 4521
 4528
 4536
 4538
 4548
 4580
 4591
 4595
 4597
 4598
 4605
 4607
 4609
 4610
 4617
 4618
 4619
 462
 4622
 4625
 4626
 4629
 4638
 4640
 4647
 4650
 466
 4666
 4669
 4673
 4674
 4675
 4678
 468
 4680
 4683
 4684
 4686
 4690
 4691
 4696
 4697
 47
 4701
 4706
 4707
 4708
 471
 4715
 4717
 4726
 4731
 4733
 4734
 4736
 4738
 474354
 475
 4751
 4758
 4759
 4760
 4761
 477
 4771
 4791
 4793
 4794
 4795
 4796
 4798
 4800
 4810
 4824
 4828
 4830
 4833
 4835
 4836
 4839
 4841
 4846
 4848
 4851
 4854
 486
 4861
 4862
 4867
 4869
 4878
 4886
 4888
 4891
 4897
 4900
 4901
 4904
 4913
 4917
 4919
 4923
 4928
 4935
 493861
 4940
 494150
 4943
 494514
 494558
 4946
 4948
 495
 4953
 4957
 4958
 4968
 4969
 4973
 497634
 4982
 4983
 49856
 4986
 4991
 4993
 4998
 4999
 5004
 5008
 5010
 5013
 5015
 5016
 5021
 5024
 5033
 503542
 503569
 5036
 503639
 503693
 5037
 5042
 5045
 50485
 5050
 50507
 50509
 50512
 5052
 5058
 50604
 50614
 50624
 50626
 50628
 5067
 50674
 50700
 5073
 5076
 5077
 5078
 50801
 50805
 50807
 5081
 50813
 50814
 5083
 50855
 50861
 5092
 5093
 50943
 5098
 51001
 51002
 51006
 51008
 5101
 51010
 51011
 51018
 51021
 51022
 51025
 51026
 51042
 51046
 5105
 51052
 51054
 51058
 51060
 51062
 51067
 51069
 51070
 51073
 51079
 51082
 51083
 51085
 51093
 51096
 51099
 51102
 51106
 51109
 5111
 51110
 51112
 51114
 51116
 51117
 51118
 51121
 51122
 51123
 51126
 51128
 51131
 51134
 51135
 51142
 51143
 51145
 51149
 51154
 51155
 51156
 51163
 51166
 51172
 51176
 51179
 51182
 51184
 51188
 5119
 51192
 51200
 51203
 51205
 51207
 51214
 51222
 51225
 51233
 51236
 51239
 51241
 51246
 51248
 5125
 51252
 51253
 51255
 51256
 51258
 51259
 5126
 51263
 51268
 5127
 51270
 51272
 51278
 51281
 51282
 51283
 51284
 51286
 51287
 5129
 51290
 51291
 51293
 51294
 5130
 51300
 51302
 51307
 51309
 51319
 51321
 51329
 5133
 51330
 51332
 51333
 51337
 51338
 51340
 51348
 51350
 51359
 5136
 51360
 51366
 51371
 51372
 51373
 5138
 51388
 5139
 51390
 51406
 51421
 51426
 51427
 51428
 51430
 51434
 5144
 51441
 51454
 51460
 51475
 51478
 51490
 51495
 51497
 51499
 51501
 51504
 51506
 51512
 51514
 5152
 51523
 51524
 51526
 51529
 51530
 51535
 51537
 51540
 51542
 51545
 51550
 51566
 51571
 51575
 51588
 5159
 51592
 51596
 51599
 51602
 51603
 51604
 51605
 5161
 51611
 51617
 51619
 51622
 51626
 51629
 51631
 51633
 51634
 51637
 51642
 51645
 51647
 51649
 51650
 51651
 51654
 51657
 51659
 5166
 5167
 51676
 51678
 5168
 51690
 51691
 51692
 51699
 51700
 51702
 51716
 5172
 51720
 51726
 51729
 51734
 51742
 51750
 51759
 51773
 5178
 51804
 51807
 5184
 5192
 5195
 5197
 5198
 52
 5201
 5202
 5203
 5205
 5210
 5211
 5213
 5214
 5223
 5225
 5228
 5230
 5232
 5239
 5245
 525
 5255
 5256
 5267
 5268
 5270
 5273
 5277
 528
 5287
 5288
 5293
 5294
 5296
 5300
 5301
 5307
 5315
 5317
 5326
 5328
 533
 5331
 53335
 53339
 53342
 5335
 5336
 5338
 53407
 5345
 5347
 5348
 5350
 5351
 5354
 5355
 5358
 5359
 5360
 5361
 53615
 5362
 53635
 5364
 5365
 5366
 5367
 537
 5371
 5373
 5378
 729299
 5382
 53820
 53826
 53827
 53828
 5383
 53831
 53832
 53834
 5394
 53942
 53947
 540
 54033
 54058
 54069
 5409
 54106
 54107
 54108
 541471
 541578
 5420
 54210
 5422
 5424
 5425
 5426
 5427
 542767
 5431
 5432
 5433
 54331
 5434
 54346
 5435
 5436
 5437
 5438
 54386
 5439
 5440
 54413
 54414
 5442
 54429
 54433
 54434
 54436
 54439
 54443
 54468
 5447
 54471
 54472
 54475
 54478
 54480
 5449
 54490
 54496
 545
 54512
 54517
 54522
 54529
 5453
 54531
 54539
 54541
 54550
 54552
 54554
 54555
 54585
 546
 54606
 54617
 5462
 54620
 54623
 54625
 5464
 54662
 54663
 54675
 54681
 54682
 5469
 5470
 54707
 54708
 5471
 54716
 54726
 54729
 54732
 54749
 5475
 54758
 54760
 54766
 54784
 54793
 54796
 54801
 54802
 54805
 54807
 54814
 54815
 54820
 54821
 54827
 54831
 54836
 54839
 54841
 54848
 54849
 54852
 54853
 54855
 54856
 54860
 54862
 54867
 54868
 54869
 54880
 54881
 54886
 54887
 54888
 54892
 54894
 54896
 54898
 54903
 54905
 54908
 54910
 54913
 54914
 54915
 54919
 54920
 54925
 54926
 54929
 54931
 54934
 54935
 54936
 54938
 54941
 54942
 54946
 54947
 54948
 54954
 54955
 54957
 54958
 5496
 54960
 54962
 54963
 54968
 54970
 54971
 54972
 54973
 54976
 54980
 54984
 54985
 54991
 54994
 54997
 550
 55003
 55004
 55005
 55006
 55009
 55010
 55011
 55017
 55026
 55027
 55033
 55035
 55037
 55038
 55039
 55048
 55049
 55056
 55057
 55069
 55072
 55073
 55082
 55083
 5509
 55092
 55093
 551
 5510
 55100
 55105
 5511
 55110
 55112
 55113
 55116
 55120
 55122
 55127
 55128
 55131
 55135
 55139
 55143
 55146
 55149
 55150
 55152
 55154
 55156
 55157
 55159
 55160
 55163
 55164
 55165
 55166
 55167
 55171
 55173
 55175
 55176
 55177
 55179
 5518
 55181
 55182
 55194
 55199
 5520
 55201
 55206
 55208
 55210
 55215
 55222
 55223
 55224
 55226
 5523
 55231
 55234
 55237
 55238
 5524
 55240
 55245
 55247
 55248
 5525
 55251
 55253
 55254
 55257
 55267
 55270
 55273
 55276
 5528
 55280
 55282
 55287
 55290
 55295
 55296
 55299
 55308
 5531
 55311
 55315
 55316
 55317
 55319
 55321
 55323
 55324
 55332
 55334
 55336
 55337
 5534
 55341
 55349
 55352
 55353
 55355
 55356
 55357
 5536
 55362
 55367
 55374
 5538
 55388
 554
 554202
 554203
 554206
 554235
 55425
 5544
 55449
 5545
 5546
 55471
 55472
 5549
 5550
 55502
 55505
 55508
 5553
 55530
 55532
 55536
 55540
 55553
 55558
 55559
 5557
 55571
 55576
 55588
 55591
 55593
 55609
 55612
 55615
 55619
 55621
 55622
 55630
 55634
 55636
 55638
 55640
 55643
 55646
 55651
 55652
 55653
 55656
 55657
 55658
 55659
 5566
 55661
 55665
 55666
 55684
 55687
 55689
 55690
 55695
 55699
 5570
 55702
 55706
 55707
 5571
 55720
 55721
 55722
 55723
 55726
 55732
 55734
 55738
 55740
 55741
 55744
 5575
 55755
 55757
 55759
 5577
 55770
 55771
 55776
 5578
 55780
 55787
 55789
 55790
 55791
 55794
 55795
 55798
 5580
 55802
 55814
 55815
 5582
 55821
 55830
 55833
 55835
 55839
 5584
 55841
 55846
 5585
 55850
 55851
 55852
 55859
 55863
 55869
 55872
 55885
 5589
 55890
 5590
 55905
 5591
 55920
 55922
 5594
 5596
 55967
 55971
 55975
 5598
 5599
 56005
 56006
 5601
 5603
 56033
 5604
 5605
 56052
 56061
 56101
 56114
 5612
 56120
 56122
 56127
 56139
 56143
 56146
 56159
 56164
 56169
 5617
 56171
 56180
 56204
 5623
 5624
 56245
 56252
 56255
 56257
 56259
 5626
 56265
 56270
 56271
 5629
 563
 5631
 56339
 5638
 5639
 56413
 56474
 5649
 5653
 56547
 5655
 56604
 56616
 56623
 56647
 56648
 56649
 56652
 56659
 56666
 56672
 56673
 56675
 56704
 5673
 56731
 5681
 5682
 5683
 56849
 56850
 56852
 5686
 5688
 5689
 56892
 56893
 56896
 56897
 5690
 56901
 56902
 56905
 56906
 5691
 56910
 56911
 56915
 56916
 56917
 56919
 5692
 56924
 56926
 5693
 56931
 56936
 56937
 56938
 5694
 56941
 56942
 56945
 56949
 5695
 56954
 56955
 56964
 56967
 5697
 56970
 56971
 56977
 56983
 56984
 56992
 56995
 56996
 56998
 570
 5700
 57002
 57016
 5704
 5705
 5706
 57060
 5707
 5708
 57088
 5709
 57096
 57099
 5710
 57103
 57104
 57106
 57109
 57111
 57115
 57122
 57125
 57126
 57127
 57128
 57129
 5713
 57130
 5714
 57140
 57143
 57146
 57148
 57149
 57154
 57161
 57167
 57169
 5717
 57172
 57175
 57176
 5718
 57180
 57181
 57187
 57188
 5719
 57190
 57210
 57212
 57213
 57214
 57215
 572558
 5726
 5728
 5729
 57332
 57333
 5734
 5740
 574029
 57403
 57405
 57407
 57418
 5742
 5744
 57449
 57456
 57460
 57461
 57464
 57465
 57469
 5747
 57470
 57472
 57474
 57476
 57477
 57479
 57484
 57502
 57505
 57508
 57510
 57521
 57526
 5753
 57533
 57537
 57539
 5754
 57541
 57542
 57546
 57556
 57558
 57559
 57567
 57569
 5757
 57570
 57571
 57574
 57589
 57592
 57593
 57596
 57597
 576
 57610
 57611
 57617
 57621
 57631
 57634
 5764
 57647
 57650
 57655
 57657
 57661
 57662
 57666
 57669
 57670
 57673
 57684
 57687
 57688
 57696
 577
 57700
 57706
 57710
 57719
 57727
 57732
 57733
 5774
 5775
 57758
 57761
 57787
 57794
 57799
 57801
 5781
 57817
 57819
 5782
 57820
 57822
 57826
 57827
 57829
 5783
 57876
 580
 5803
 5805
 581
 5810
 5813
 5814
 58160
 5817
 5818
 58191
 5830
 5831
 5833
 58475
 58476
 58477
 58486
 58490
 58491
 58492
 58493
 58494
 58500
 58503
 58505
 58506
 58509
 58512
 58513
 58516
 58526
 58531
 58538
 5863
 5864
 5868
 5870
 5872
 5873
 5875
 5876
 5877
 5878
 5879
 5883
 5886
 5888
 5890
 5892
 5894
 5898
 58986
 5899
 590
 5900
 5901
 5902
 5905
 5906
 5912
 5917
 5921
 59274
 59284
 59285
 59286
 5929
 593
 5931
 5933
 59335
 59341
 59349
 59352
 59353
 5949
 595
 5954
 5955
 596
 5971
 5972
 5976
 5977
 598
 5982
 5983
 5984
 5986
 5987
 5995
 5996
 5997
 60
 6002
 6003
 6004
 6009
 6010
 6011
 6015
 6017
 60314
 60343
 60386
 60436
 6045
 6046
 6047
 6048
 60481
 60484
 60487
 60488
 60491
 605
 60509
 60526
 60528
 60529
 60561
 6059
 60672
 60673
 60674
 60677
 60681
 60685
 607
 608
 6100
 6102
 6103
 611
 6118
 6119
 6122
 6128
 6129
 6132
 6133
 6135
 6136
 6143
 6146
 6147
 6150
 6152
 6155
 6156
 6159
 6161
 6164
 6167
 617
 6170
 6171
 6175
 6183
 6185
 6188
 6191
 6193
 6195
 619505
 6196
 6197
 6198
 6199
 6201
 6203
 6204
 6205
 6209
 6217
 6218
 6222
 6223
 6227
 6229
 6230
 6233
 6241
 6242
 6252
 6263
 627
 6271
 6273
 6274
 6276
 6282
 6286
 629
 6293
 6301
 6307
 631
 6311
 6319
 6320
 6322
 6328
 6329
 633
 6330
 6332
 6335
 6338
 6343
 6352
 6355
 6357
 636
 6360
 6361
 6363
 6366
 6367
 6368
 637
 6372
 6374
 6382
 6385
 6386
 6387
 63875
 63893
 63905
 63910
 63916
 63917
 63920
 63922
 63925
 63926
 63928
 63932
 63935
 63939
 63941
 63943
 6396
 63974
 63978
 63979
 6406
 64063
 64064
 6407
 64081
 64087
 64090
 64093
 64097
 641
 64105
 64118
 64121
 64127
 64131
 64132
 641384
 64145
 641467
 64147
 64149
 64151
 641518
 64175
 6418
 64180
 642
 6421
 64210
 64219
 6422
 64220
 64223
 6423
 642394
 6424
 642475
 642559
 6426
 642633
 642636
 642757
 64282
 64285
 643008
 643160
 64318
 64320
 643201
 643236
 64326
 64327
 64328
 643338
 643365
 6434
 643641
 64374
 643763
 64377
 643836
 64386
 643866
 64388
 643911
 64395
 643988
 64399
 64403
 64409
 644090
 644096
 64410
 64411
 64412
 644165
 64419
 64421
 64422
 64425
 64428
 64429
 64432
 64433
 64434
 6446
 644714
 644890
 6449
 644903
 644943
 6450
 645027
 645261
 6455
 6456
 645638
 645682
 6457
 645745
 645784
 64598
 64599
 64601
 646019
 646074
 6461
 646168
 6462
 646383
 6464
 646627
 646762
 6469
 64699
 647024
 64708
 64710
 64711
 64718
 6472
 647219
 647310
 64754
 64755
 6476
 64760
 64763
 64764
 64766
 64768
 64769
 64771
 64772
 64777
 64779
 64782
 64785
 64792
 64793
 64794
 64805
 64837
 64840
 64841
 64852
 64855
 64856
 64857
 64858
 64860
 64864
 648691
 64897
 648987
 64901
 6491
 64921
 64922
 64925
 64928
 6493
 6494
 64943
 64946
 64979
 64983
 6499
 65003
 65005
 6502
 65057
 65062
 65065
 65072
 65078
 65082
 6509
 65095
 6510
 65108
 65110
 65123
 6513
 651430
 651746
 652
 6520
 6522
 65243
 65244
 6526
 65260
 65263
 65265
 6527
 6528
 6529
 652995
 653
 6531
 653240
 653275
 6533
 653423
 653483
 653583
 653677
 653808
 6541
 654466
 654790
 6548
 655
 6556
 6558
 6580
 6581
 6588
 6597
 65980
 65985
 65989
 6599
 65990
 65992
 65993
 65996
 65998
 65999
 660
 66005
 6602
 6603
 66037
 6608
 661
 6610
 6611
 6615
 6616
 6618
 6621
 6624
 6626
 6628
 6629
 6631
 6632
 6633
 6634
 6635
 6636
 6637
 6641
 6642
 6647
 6650
 6652
 6654
 6659
 666
 6662
 6665
 6667
 6670
 6671
 6672
 668
 6683
 6689
 6691
 6706
 6707
 6710
 6713
 6714
 6715
 6717
 672
 6720
 6723
 6725
 6726
 6727
 6729
 673
 6730
 6732
 6741
 6746
 6747
 6748
 6749
 675
 6750
 6756
 6767
 6770
 6772
 6774
 6776
 6777
 677766
 677844
 6779
 6780
 6781
 6790
 6793
 6794
 6799
 6804
 6811
 6812
 6813
 6814
 6817
 6819
 6820
 6829
 6832
 6835
 6837
 6838
 6839
 6845
 6862
 687
 6870
 6872
 6873
 6878
 6879
 6886
 6888
 6890
 6892
 6894
 6895
 6897
 6899
 6901
 6902
 6904
 6905
 6906
 6908
 6909
 6910
 6913
 6916
 6917
 6920
 6921
 692159
 692205
 6923
 6927
 6929
 6932
 6936
 6940
 6941
 6942
 6943
 6944
 6947
 6949
 695
 6954
 696
 699
 6990
 6993
 7001
 7004
 701
 7013
 7015
 7016
 7020
 7023
 7024
 7027
 7036
 7038
 7045
 705
 7050
 7052
 7054
 7057
 706
 7064
 7068
 7070
 7076
 7083
 7086
 7090
 7098
 7102
 7108
 7110
 7114
 7125
 7126
 7133
 7141
 7150
 7153
 7159
 7164
 7165
 7166
 7167
 717
 7182
 7186
 7187
 72
 7205
 7216
 7221
 7226
 724102
 7251
 7257
 7260
 7264
 7266
 7268
 727
 7272
 727699
 7277
 727800
 728040
 728116
 728190
 728192
 728224
 7283
 7284
 728431
 728489
 728568
 7286
 728730
 728841
 728855
 7289
 728927
 7290
 7291
 729177
 729234
 729262
 7293
 7294
 729438
 729614
 7297
 729956
 729991
 730
 730091
 7301
 730101
 730102
 730227
 7311
 731424
 731779
 7319
 732
 7322
 7329
 7334
 7336
 7342
 7343
 7345
 7347
 7349
 7353
 7355
 7360
 7366
 7367
 7372
 7373
 7374
 7375
 7389
 7390
 7391
 7392
 740
 7407
 7409
 741
 7410
 7411
 7415
 7416
 7417
 7422
 7425
 7432
 7443
 7444
 7447
 7458
 746
 7461
 7466
 7468
 747
 7472
 7474
 7476
 7478
 7482
 7484
 7490
 7514
 7515
 7517
 752014
 7528
 7529
 7532
 7543
 7546
 7549
 7554
 7564
 7565
 7569
 7574
 7579
 7584
 7589
 759
 7593
 7597
 760
 762
 7621
 7625
 7637
 7643
 766
 7675
 768
 7681
 768239
 7692
 7701
 7704
 771
 7726
 7732
 7737
 7738
 7748
 7752
 7753
 7755
 776
 7764
 7773
 7789
 779
 7791
 7803
 7804
 780776
 7809
 781
 7818
 7827
 783
 7837
 784
 7841
 7857
 7862
 7866
 7867
 7873
 7881
 7884
 78986
 78990
 78991
 78992
 78994
 78995
 78997
 78998
 78999
 790
 79000
 79001
 79002
 79004
 79007
 79012
 79017
 79022
 79023
 79025
 79026
 79033
 79034
 79035
 79036
 79039
 79042
 79050
 79053
 79058
 79065
 79068
 79070
 79073
 79075
 79077
 79080
 79084
 79091
 79092
 79094
 79095
 790955
 79096
 79100
 79101
 7913
 79134
 79143
 79144
 79145
 79148
 79154
 79159
 7916
 79160
 79161
 79165
 79169
 7917
 79171
 79172
 79175
 79177
 79180
 79183
 79188
 7922
 79228
 79269
 79345
 79363
 79369
 79411
 79413
 79414
 79415
 79441
 79447
 7955
 79567
 79568
 79571
 79575
 79576
 79581
 79583
 79585
 79586
 79590
 79591
 79595
 79596
 79600
 79602
 79603
 79608
 79613
 79622
 79628
 79644
 79649
 7965
 79650
 79651
 79663
 79664
 79676
 79677
 79679
 79682
 79684
 79692
 79693
 79697
 797
 79707
 79709
 79710
 79711
 79714
 79716
 79723
 79726
 79728
 79731
 79733
 79735
 79736
 79738
 79740
 79744
 79745
 79751
 79752
 79754
 79758
 79759
 7976
 79763
 79767
 7978
 79785
 79786
 7979
 79791
 79797
 79798
 79799
 79801
 79803
 79804
 79805
 79807
 79813
 79814
 79816
 79827
 79828
 79829
 79830
 79833
 7984
 79847
 79850
 79861
 79862
 79866
 79871
 79873
 79874
 79877
 79879
 7988
 79885
 79888
 79892
 79894
 79896
 79901
 79902
 79908
 79913
 79915
 79918
 79919
 79922
 79939
 7994
 79943
 79944
 79949
 79954
 79968
 79969
 79970
 79974
 79977
 79979
 79980
 79989
 79999
 8000
 80010
 80011
 80018
 80019
 80020
 80023
 80031
 80035
 80045
 80054
 80069
 80071
 80078
 80086
 80094
 80117
 80119
 80129
 80131
 80139
 80142
 80146
 80153
 80157
 80161
 80162
 80164
 80168
 80174
 80178
 80184
 8019
 80198
 80199
 80201
 80204
 80209
 80212
 80216
 80227
 80228
 80258
 80264
 8027
 80270
 80271
 80273
 80274
 80304
 80305
 80307
 80308
 80310
 80313
 80316
 80320
 80323
 80324
 80328
 80331
 80333
 80335
 80336
 80343
 80346
 80347
 80349
 80352
 8038
 80381
 8045
 80712
 80714
 80723
 80727
 80728
 80739
 80740
 80741
 80745
 80746
 80758
 8076
 80760
 80764
 80775
 80777
 8078
 80789
 8079
 8082
 80820
 80823
 80824
 80834
 80851
 8086
 8089
 80895
 80896
 80975
 8099
 81
 8100
 81034
 81035
 811
 8110
 8131
 8139
 8140
 81490
 81493
 815
 81501
 81502
 81543
 81544
 81552
 81553
 81559
 81562
 81563
 81566
 81572
 81576
 81577
 81602
 81605
 81607
 81610
 81619
 81620
 81624
 81626
 81628
 8165
 81691
 817
 8175
 81789
 81792
 81793
 81794
 81796
 81833
 81844
 81848
 81854
 81855
 81857
 81858
 8187
 81873
 81875
 81887
 8189
 81890
 81892
 8192
 81926
 81928
 81930
 81931
 8200
 8202
 8208
 8216
 8218
 822
 8220
 8224
 8225
 8227
 823
 8233
 8241
 8260
 8266
 8269
 8270
 8273
 829
 8312
 8313
 8317
 8318
 8323
 8326
 8332
 8336
 8340
 83443
 83444
 83448
 83450
 83461
 83463
 83475
 83480
 835
 83538
 83540
 83541
 83544
 8359
 83590
 83596
 83604
 83605
 83607
 83637
 83638
 83639
 83641
 83642
 83647
 83661
 8369
 83693
 83694
 83695
 83696
 8372
 83729
 83732
 83737
 83741
 83743
 83746
 83787
 8379
 83795
 8383
 83844
 83852
 83855
 83858
 83867
 83873
 83874
 83876
 83877
 83879
 83887
 83893
 83897
 83903
 83930
 83932
 83939
 83940
 83942
 83955
 83959
 83985
 83986
 83990
 83992
 84033
 8404
 84057
 84058
 8406
 84062
 84065
 84066
 8407
 84076
 84079
 84080
 84083
 8409
 84100
 84102
 84105
 84107
 8411
 84125
 84128
 84131
 84133
 84135
 84138
 84141
 84148
 84152
 84153
 84154
 84159
 8416
 84172
 84173
 8418
 84214
 84216
 84219
 84221
 84222
 84225
 84231
 84232
 84245
 84250
 84259
 84260
 84261
 84262
 84264
 84269
 8427
 84270
 84281
 84283
 84285
 84287
 84290
 84292
 84295
 84296
 84299
 84303
 84306
 84310
 84311
 84313
 84315
 84318
 84319
 84320
 84322
 84326
 84327
 84331
 84335
 84337
 8434
 84343
 8436
 84365
 8437
 84376
 8438
 8440
 84417
 8443
 84443
 84444
 84448
 84451
 8446
 84467
 8448
 8449
 84504
 84514
 84515
 84517
 84524
 84539
 84548
 84549
 84561
 84572
 84618
 84619
 84629
 84641
 84643
 84649
 84650
 84660
 84661
 84678
 84684
 84691
 84705
 84706
 84717
 84722
 84725
 84726
 84727
 84733
 84735
 84752
 84759
 8476
 84769
 84771
 84775
 84777
 84790
 84792
 8480
 84803
 84807
 84811
 84817
 8482
 84823
 8483
 84830
 84838
 84839
 84842
 84844
 84847
 84858
 84864
 84865
 84867
 8487
 84870
 84872
 84874
 84876
 84878
 84881
 84883
 84885
 84886
 84890
 84892
 84894
 84899
 84900
 84902
 84904
 8491
 84912
 84914
 84915
 84916
 84918
 84920
 84924
 84926
 84930
 84931
 84933
 84934
 84939
 84942
 84946
 84948
 84951
 84955
 84957
 8496
 84962
 84964
 84966
 84967
 84975
 84978
 84983
 84988
 84989
 85004
 85009
 8501
 85019
 8502
 8503
 8507
 8508
 8517
 8519
 8525
 8526
 85300
 85301
 8535
 85359
 8536
 85369
 8537
 85378
 85395
 85403
 85406
 85407
 85409
 8541
 85437
 8544
 85441
 85442
 85446
 85462
 85463
 85477
 85479
 85481
 8549
 85495
 8550
 8555
 8558
 8565
 8566
 8567
 8568
 8570
 8581
 8587
 86
 8602
 8607
 8608
 8611
 8612
 8613
 8614
 8618
 8621
 8624
 8625
 8629
 8630
 8631
 8632
 8635
 8636
 8639
 8643
 865
 8654
 8655
 8659
 8662
 8664
 8666
 8667
 8668
 8669
 867
 8671
 8677
 868
 8682
 869
 8690
 8692
 8697
 8698
 8703
 8704
 871
 8710
 8711
 8712
 87178
 8725
 8733
 8735
 874
 8744
 8748
 8749
 8751
 8767
 8772
 87769
 8778
 8785
 8793
 8795
 8798
 8799
 8804
 8805
 8812
 8813
 8815
 8817
 8818
 8821
 8823
 8833
 8836
 8838
 8840
 8841
 8850
 8854
 8861
 8862
 8863
 8867
 8871
 8872
 88745
 8877
 8878
 8879
 8881
 8882
 8883
 8884
 8886
 8890
 8891
 8892
 8894
 8896
 89
 890
 8904
 8907
 8908
 891
 8910
 89122
 8934
 8940
 8941
 8943
 8970
 89781
 898
 89845
 89848
 8985
 89857
 89872
 89884
 89887
 89890
 89891
 899
 89941
 89944
 89958
 8996
 90011
 90019
 9002
 90025
 90050
 90060
 90070
 90075
 90120
 90121
 9013
 9014
 90141
 9015
 9016
 90161
 9019
 90196
 90204
 9022
 90226
 9024
 90249
 90288
 90313
 90321
 90326
 90333
 90378
 90379
 9038
 90381
 9039
 904
 90407
 90410
 90411
 90417
 90423
 90441
 90459
 9046
 9047
 90480
 90506
 90522
 90525
 9054
 9055
 9057
 90580
 90589
 9060
 9061
 90625
 90639
 9066
 90678
 9068
 9069
 9075
 9076
 90768
 90780
 908
 9080
 90806
 90850
 90853
 90861
 90874
 9088
 9093
 90933
 9094
 90952
 90957
 9097
 90987
 9099
 91
 9101
 91010
 91057
 91107
 9111
 9112
 91149
 91179
 9125
 91252
 9127
 91272
 9128
 91283
 91289
 9129
 91298
 9130
 91300
 9131
 91355
 9136
 91368
 91369
 91373
 9138
 9139
 91404
 9141
 91433
 9144
 91442
 91450
 9146
 91464
 91526
 91544
 9156
 9158
 91582
 91608
 91624
 9167
 9168
 91687
 9170
 91754
 9179
 9183
 9184
 9185
 91851
 91869
 9188
 9194
 91942
 91947
 9196
 91966
 92002
 9201
 92014
 92092
 9211
 9212
 92129
 92140
 92170
 9219
 92196
 922
 9221
 92235
 92241
 92283
 92291
 92312
 9232
 92345
 92359
 92370
 9238
 9242
 92421
 9244
 925
 92521
 92558
 92579
 92591
 92609
 9261
 9266
 92667
 92675
 92691
 9271
 92715
 9274
 92745
 92747
 92749
 9276
 9277
 92799
 92806
 92815
 92840
 92856
 9289
 9290
 92906
 92935
 92979
 93
 93035
 9306
 93081
 93082
 931
 9312
 93129
 9313
 9314
 93145
 93183
 93185
 9319
 9322
 9326
 93273
 9328
 9329
 93323
 93343
 93380
 93408
 93432
 93436
 9344
 93474
 9353
 9356
 9358
 93594
 9361
 93611
 93621
 93622
 93643
 93649
 9365
 93650
 9371
 9375
 9378
 9380
 9388
 9389
 939
 9391
 9392
 93953
 93986
 9399
 94031
 94032
 94056
 9407
 94104
 94107
 9415
 9416
 9423
 94233
 94234
 94239
 9429
 9444
 9446
 9452
 9454
 9456
 9459
 9463
 9465
 9466
 948
 9480
 9486
 949
 9491
 9493
 9499
 9500
 9502
 9506
 9507
 9509
 9510
 9518
 9519
 9521
 9524
 9533
 9538
 954
 9540
 9545
 9546
 955
 9553
 9563
 9564
 9569
 957
 9577
 9580
 9590
 9597
 960
 9600
 9601
 9603
 9609
 961
 9610
 9616
 9617
 962
 9631
 9632
 9640
 9641
 96459
 9651
 9654
 9656
 9657
 96610
 9662
 9668
 967
 9670
 9675
 9678
 9679
 9684
 9686
 9688
 9692
 9698
 97
 9700
 9703
 9710
 9715
 9718
 9719
 9722
 9725
 9726
 9727
 9733
 9734
 9735
 9737
 9738
 9739
 9745
 9746
 975
 9752
 9753
 9754
 9761
 9762
 9767
 9768
 977
 9771
 9775
 9777
 9780
 9782
 9785
 9786
 9787
 9790
 9791
 9793
 9794
 9801
 9804
 9807
 9810
 9811
 9814
 9816
 9817
 9820
 9821
 9824
 9825
 983
 9831
 9833
 9837
 9839
 9846
 9851
 9855
 9858
 9867
 9868
 9869
 9875
 9879
 9880
 9881
 9882
 9883
 9885
 9886
 9891
 9894
 9895
 9897
 9898
 990
 9902
 9903
 9909
 991
 9911
 9912
 9913
 9918
 9919
 9921
 9922
 9923
 9925
 9926
 9928
 993
 9933
 9934
 9937
 994
 9947
 995
 9951
 9957
 996
 9960
 9966
 9968
 9971
 9978
 998
 9986
 9991
 9994

